File: /dev/fd -> /proc/self/fd
  Size: 13              Blocks: 0          IO Block: 4096   symbolic link
Device: 6h/6d   Inode: 157         Links: 1
Access: (0777/lrwxrwxrwx)  Uid: (    0/    root)   Gid: (    0/    root)
Access: 2018-10-13 22:40:20.901242479 -0400
Modify: 2018-09-26 16:28:27.684000912 -0400
Change: 2018-09-26 16:28:27.684000912 -0400
 Birth: -
